teleportenabled: true
teleportauto: false
godmode: false
muted: false
jailed: false
ip-address: 192.168.16.1
afk: false
socialspy: false
npc: false
powertoolsenabled: true
accepting-pay: true
baltop-exempt: false
timestamps:
  lastteleport: 1748543816824
  lastheal: 0
  mute: 0
  jail: 0
  onlinejail: 0
  logout: 1748546261852
  login: 1748546254706
money: '0'
last-account-name: OzaRu_
lastlocation:
  world: 59f14a3e-2d66-40d2-b06e-4c8bb8e469fe
  world-name: world
  x: -2.1087825605123296
  y: 147.41738466410658
  z: -103.13294210208126
  yaw: 119.79524230957031
  pitch: -8.316703796386719
logoutlocation:
  world: 59f14a3e-2d66-40d2-b06e-4c8bb8e469fe
  world-name: world
  x: 2242.0744527274064
  y: 69.0
  z: -12730.280538988898
  yaw: 124.0608901977539
  pitch: 16.103206634521484
homes:
  casa:
    world: 59f14a3e-2d66-40d2-b06e-4c8bb8e469fe
    world-name: world
    x: -37.3699485015909
    y: 108.0
    z: -22.954558391238862
    yaw: 88.99212646484375
    pitch: 1.7239203453063965
  fortaleza:
    world: e9ef1c53-c1d4-4290-8f26-47e4fdd5450f
    world-name: world_the_end
    x: 1796.0290687799259
    y: 57.0
    z: 170.33627717965706
    yaw: 178.84335327148438
    pitch: 11.098799705505371
  fortaleza2:
    world: e9ef1c53-c1d4-4290-8f26-47e4fdd5450f
    world-name: world_the_end
    x: 1432.1835348082702
    y: 144.0
    z: 2912.675192123798
    yaw: -50.53662109375
    pitch: 35.976966857910156
  desierto:
    world: 59f14a3e-2d66-40d2-b06e-4c8bb8e469fe
    world-name: world
    x: 2429.7553423188347
    y: 114.0
    z: -12933.647816497714
    yaw: -111.96084594726562
    pitch: 24.518299102783203
  nether:
    world: 17670af9-2bae-4236-bdb3-e090de0039fa
    world-name: world_nether
    x: -2523.8796005238833
    y: 74.0
    z: -109.81137566932898
    yaw: -93.2890625
    pitch: -5.582888603210449
  exp:
    world: e9ef1c53-c1d4-4290-8f26-47e4fdd5450f
    world-name: world_the_end
    x: 376.56406310577074
    y: 1.0
    z: 184.17321506741627
    yaw: 0.2440185546875
    pitch: 61.18724822998047
